((("https://github.com/Lanbosudo/Closed_Open_Innovation.git" .
   [0 0 0 0 1 0 0 0 0 0 0 0 0 0 0 0 0 0 0 0 0 0 0 0 0 0 0 0 0 0 0 0 0 0 0 0 0 0 0 0 0 0 0 0 0 0 0 0 0 0 0 0 0 0 0])
  ("commit" .
   [1 0 0 0 0 0])
  ("--help" .
   [1 0 0 0 0 0])
  ("master" .
   [2 0 0 0 0 0])
  ("origin" .
   [2 0 0 0 0 0])
  ("add" .
   [1 0 0])
  ("remote" .
   [2 0 0 0 0 0])
  ("webvpn.comp.nus.edu.sg" .
   [0 0 0 0 0 0 0 1 0 0 0 0 0 0 0 0 0 0 0 0 0 0])
  ("load" .
   [1 0 0 0])
  ("hostednetwork" .
   [1 0 0 0 0 0 0 0 0 0 0 0 0])
  ("wlan" .
   [3 0 0 0])
  ("netsh" .
   [3 0 0 0 0])
  ("closedFirms" .
   [0 0 0 0 0 0 0 0 0 0 1])
  ("static" .
   [3 0 0 0 0 0])
  ("firmsNum" .
   [0 0 0 0 0 0 0 1])
  ("firms" .
   [2 0 0 0 0])
  ("println" .
   [0 0 0 0 0 0 3])
  ("System" .
   [1 0 0 1 0 1])
  ("landscpNo" .
   [0 0 0 0 0 2 0 0 0])
  ("localMaxList" .
   [0 0 0 0 0 0 0 0 0 0 2 2])
  ("localMaxNum" .
   [0 0 0 0 0 0 0 0 0 1 2])
  ("report" .
   [1 0 0 0 0 0])
  ("to-report" .
   [0 0 0 0 0 0 1 0 0])
  ("localMaxFlag" .
   [0 0 0 0 0 0 0 0 0 0 0 4])
  ("currentWTP" .
   [0 0 0 0 0 0 0 0 0 2])
  ("item" .
   [4 0 0 0])
  ("1" .
   [1])
  ("currentLoct" .
   [0 0 0 0 2 2 0 0 0 0 3])
  ("currtFeatr" .
   [0 0 0 0 1 0 0 0 0 0])
  ("file-print" .
   [1 0 0 0 0 0 0 0 0 0])
  ("file-type" .
   [1 0 0 0 0 1 0 1 0])
  ("localMaxNumList" .
   [1 0 0 0 1 6 1 0 0 0 0 0 0 0 2])
  ("lcoalMaxList" .
   [0 0 1 0 0 2 0 0 0 0 0 0])
  ("ticks" .
   [1 0 0 0 0])
  ("searchTheLandscape" .
   [0 0 0 0 0 0 2 0 0 0 0 0 0 0 0 0 0 1])
  ("search" .
   [1 0 0 0 0 0])
  ("go-back" .
   [0 0 0 1 0 0 0])
  ("changed" .
   [2 0 0 0 0 0 0])
  ("turtle" .
   [0 0 0 0 0 1])
  ("replace-item" .
   [0 0 0 0 0 1 0 0 1 0 0 0])
  ("FeatrList" .
   [0 0 0 1 1 0 0 0 3])
  ("ask" .
   [4 0 0])
  ("oldFeatrList" .
   [0 0 0 1 0 0 0 0 0 0 0 0])
  ("newPlanIndctr" .
   [0 0 0 0 0 0 3 0 1 0 0 0 2])
  ("newPlanFnd" .
   [0 0 0 0 0 0 0 0 0 5])
  ("newPlan" .
   [0 0 0 0 0 0 2])
  ("WTP" .
   [0 0 3])
  ("newWTP" .
   [1 0 0 0 0 3])
  ("ifelse" .
   [2 0 0 0 0 0])
  ("CalcWTP" .
   [0 0 0 1 0 1 4])
  ("turtles" .
   [3 0 0 0 0 0 0])
  ("featrList" .
   [0 0 0 0 0 1 1 0 3])
  ("newFeatrList" .
   [0 0 0 0 1 1 0 0 0 0 0 0])
  ("300" .
   [1 0 0])
  ("60" .
   [1 0])
  ("about" .
   [1 0 0 0 0])
  ("result" .
   [2 0 0 0 0 0])
  ("application" .
   [1 0 0 0 0 0 0 0 0 0 0])
  ("presents" .
   [2 0 0 0 0 0 0 0])
  ("makes" .
   [1 0 0 0 0])
  ("then" .
   [2 0 0 0])
  ("paper" .
   [3 0 0 0 0])
  ("design" .
   [1 0 0 0 0 0])
  ("some" .
   [1 0 0 0])
  ("research" .
   [1 0 0 0 0 0 0 0])
  ("made" .
   [2 0 0 0])
  ("The" .
   [2 0 0])
  ("soccer" .
   [1 0 0 0 0 0])
  ("videos" .
   [1 0 0 0 0 0])
  ("friends" .
   [1 0 0 0 0 0 0])
  ("share" .
   [2 0 0 0 0])
  ("server" .
   [2 0 0 0 0 0])
  ("video" .
   [2 0 0 0 0])
  ("smartphone" .
   [0 0 0 0 0 0 1 0 0 0])
  ("with" .
   [4 0 0 0])
  ("record" .
   [1 0 0 0 0 0])
  ("support" .
   [1 0 0 0 0 0 0])
  ("an" .
   [2 0])
  ("has" .
   [3 0 0])
  ("and" .
   [11 0 0])
  ("sports" .
   [3 0 0 0 0 0])
  ("APP" .
   [8 0 0])
  ("the" .
   [11 0 0])
  ("network" .
   [0 0 0 1 0 0 0])
  ("social" .
   [1 0 0 0 0 0])
  ("View" .
   [0 0 0 1])
  ("v" .
   [1])
  ("onClick" .
   [0 0 0 0 0 0 1])
  ("OnClickListener" .
   [0 0 1 0 0 0 0 0 0 0 0 0 0 0 0])
  ("setOnClickListener" .
   [1 0 0 0 0 1 0 0 0 0 0 0 0 0 0 0 0 0])
  ("btCalc" .
   [0 0 0 0 1 2])
  ("Button" .
   [0 0 1 0 0 2])
  ("sumResult" .
   [0 0 0 0 0 1 0 0 0])
  ("summator" .
   [0 0 0 0 1 0 0 0])
  ("setText" .
   [0 0 0 0 1 0 0])
  ("str2" .
   [1 0 0 0])
  ("parseInt" .
   [0 0 0 0 0 0 1 0])
  ("Integer" .
   [0 0 0 0 0 0 1])
  ("strResult" .
   [0 0 0 0 1 0 0 0 0])
  ("toString" .
   [0 0 0 1 0 0 0 0])
  ("getText" .
   [0 0 0 0 0 0 1])
  ("str1" .
   [1 0 1 0])
  ("txtResult" .
   [0 0 0 0 1 2 0 0 0])
  ("id" .
   [2 0])
  ("findViewById" .
   [0 0 0 0 1 1 0 0 0 0 0 0])
  ("txtPlus1" .
   [0 0 0 1 0 0 0 1])
  ("EditText" .
   [1 0 0 0 0 1 0 0])
  ("private" .
   [4 0 0 0 0 0 0])
  ("1570" .
   [2 0 0 0])
  ("q:17" .
   [2 0 0 0])
  ("key_maker" .
   [0 0 0 0 1 0 1 0 0])
  ("sorting" .
   [2 0 0 0 0 0 0])
  ("modular_mul" .
   [0 0 0 0 1 0 1 0 0 0 0])
  ("is" .
   [1 0])
  ("decToBin" .
   [0 0 0 1 0 0 0 0])
  ("dec" .
   [1 0 0])
  ("rsa" .
   [1 0 0])
  ("-o" .
   [1 0])
  ("dvi" .
   [4 0 0])
  ("COV" .
   [2 0 0])
  ("COV_AB" .
   [1 0 1 1 0 0])
  ("v2" .
   [1 0])
  ("v1" .
   [1 0])
  ("x0" .
   [1 0])
  ("ceq" .
   [3 0 0])
  ("out" .
   [6 0 0])
  ("gsub" .
   [1 0 0 0])
  ("lines" .
   [1 0 0 0 1])
  ("adjNodes" .
   [0 0 1 0 0 0 0 0])
  ("class" .
   [1 0 2 2 0])
  ("adjnode" .
   [0 0 5 0 0 0 1])
  ("nil" .
   [1 0 0])
  ("node" .
   [6 0 1 2])
  ("adjRank" .
   [0 0 7 0 0 0 0])
  ("adjList" .
   [0 0 3 0 0 1 4])
  ("ruby" .
   [1 0 0 0])
  ("testArray" .
   [1 0 0 0 0 1 0 0 1])
  ("new" .
   [3 0 0])
  ("Array" .
   [1 0 0 0 2])
  ("report.pdf" .
   [1 0 0 0 0 0 0 0 0 0])
  ("start" .
   [10 0 0 0 0])
  ("outdeg" .
   [0 0 0 0 1 0])
  ("write_file" .
   [0 0 0 0 0 0 0 0 1 0])
  ("count" .
   [8 0 0 0 0])
  ("nodeLinkingIn" .
   [0 0 0 0 1 0 1 0 0 1 0 0 3])
  ("linkingIn" .
   [0 0 0 0 2 1 0 0 0])
  ("pair" .
   [2 0 0 2])
  ("each" .
   [1 0 0 0])
  ("pageRankPair" .
   [0 0 0 0 0 0 0 0 0 0 0 4])
  ("in" .
   [3 0])
  ("Hash" .
   [1 0 0 0])
  ("pageRank" .
   [0 0 0 0 3 1 0 5])
  ("nodeRank" .
   [1 0 0 0 1 1 6 3])
  ("length" .
   [0 0 1 1 3 3])
  ("edgeList" .
   [0 0 0 0 0 0 0 1])
  ("puts" .
   [14 0 0 0])
  (".gvimrc" .
   [1 0 0 0 0 0 0])
  (".vimrc" .
   [1 0 0 0 0 0])
  (".vimrc_" .
   [1 0 0 0 0 0 0])
  ("_vimrc" .
   [1 0 0 0 0 0])
  ("mv" .
   [4 0])
  ("-tc" .
   [1 0 0])
  ("-t" .
   [1 0])
  ("echo" .
   [1 0 0 0])
  ("password" .
   [1 0 0 0 0 0 0 0])
  ("52kangjiabao" .
   [2 0 0 0 0 0 0 0 0 0 0 0])
  ("prin" .
   [0 0 0 1])
  ("defvar" .
   [0 0 0 0 0 1])
  ("gmail" .
   [1 0 0 0 0])
  ("com" .
   [2 0 0])
  ("fileSize" .
   [0 0 0 0 0 0 0 1])
  ("printf" .
   [1 0 0 0 0 0])
  ("-jar" .
   [1 0 0 0])
  ("java" .
   [3 0 0 0])
  ("../../" .
   [1 0 0 0 0 0])
  ("getType" .
   [0 0 0 0 0 0 1])
  ("paragraph" .
   [0 0 0 0 2 0 0 0 0])
  ("figure/report" .
   [2 0 0 0 0 0 0 0 0 0 0 0 0])
  ("subsubsection" .
   [0 0 0 0 0 1 0 0 1 0 0 0 0])
  ("subsection" .
   [1 0 0 4 0 5 0 0 0 0])
  ("section" .
   [4 0 1 2 1 0 0])
  ("getClassHomeworks" .
   [0 0 0 0 0 0 0 1 0 0 0 0 0 0 0 0 0])
  ("String" .
   [4 0 1 0 0 3])
  ("StringBuffer" .
   [0 0 0 0 0 0 0 0 0 1 0 0])
  ("Vector" .
   [3 0 2 2 0 0])
  ("public" .
   [6 0 0 0 0 0])
  ("classHomeworkVector" .
   [0 0 0 0 0 0 1 1 0 0 0 0 0 0 0 0 0 0 0])
  ("classNoticeVector" .
   [1 0 0 0 0 1 0 0 0 1 0 0 0 0 0 0 0])
  ("classIDVector" .
   [2 0 0 0 0 0 0 1 0 0 0 0 0])
  ("param" .
   [3 0 3 2 6])
  ("tsinghua" .
   [1 0 0 0 0 0 0 0])
  ("learn" .
   [1 0 0 0 0])
  ("from" .
   [1 0 0 0])
  ("content" .
   [1 0 0 0 0 0 0])
  ("return" .
   [8 0 0 0 0 0])
  ("three" .
   [1 0 0 0 0])
  ("function" .
   [4 0 0 0 2 0 0 0])
  ("ssh" .
   [9 0 0])
  ("srcAdd" .
   [1 0 1 3 0 1])
  ("bufferSize" .
   [0 0 0 1 1 0 0 0 0 0])
  ("pBuffer" .
   [0 0 2 0 0 0 0])
  ("iNo" .
   [2 0 6])
  ("int" .
   [8 0 0])
  ("clone" .
   [4 0 0 0 0])
  ("status" .
   [2 0 0 0 0 0])
  ("rm" .
   [4 0])
  ("latex" .
   [14 0 0 0 0])
  ("bash" .
   [21 0 0 0])
  (">ls" .
   [1 0 0])
  ("clockOutput" .
   [0 0 1 1 0 0 0 0 0 0 0])
  ("posedge" .
   [0 0 1 0 0 0 0])
  ("begin" .
   [1 0 0 0 1])
  ("always" .
   [0 0 1 0 0 0])
  ("dividing_freq" .
   [0 0 1 2 2 0 0 0 0 0 0 0 0])
  ("clk50M" .
   [0 0 1 0 1 0])
  ("ls" .
   [126 0])
  ("input" .
   [4 0 0 1 0])
  ("output1" .
   [1 0 0 0 0 0 0])
  ("output2" .
   [0 0 0 1 0 0 0])
  ("output" .
   [3 0 0 1 0 1])
  ("address2" .
   [1 0 0 0 0 0 0 0])
  ("memory" .
   [0 0 1 1 1 0])
  ("inout" .
   [2 0 0 0 0])
  ("flash_data_input" .
   [1 0 0 0 0 0 0 0 0 0 0 0 0 0 0 0])
  ("clock" .
   [0 0 0 1 0])
  ("reset" .
   [0 0 0 1 0])
  ("ant" .
   [6 0 0])
  ("-version" .
   [1 0 0 0 0 0 0 0])
  ("insert" .
   [1 0 0 0 0 1])
  ("insert-image-file" .
   [0 0 0 0 0 0 0 0 0 0 1 0 0 0 0 0 0])
  ("print" .
   [5 0 0 0 0])
  ("atom" .
   [1 0 0 0])
  ("image-type" .
   [0 0 0 0 1 0 0 0 0 0])
  ("image-type-available-p" .
   [0 0 0 0 0 0 0 0 0 0 0 0 1 0 0 0 0 0 0 0 0 0])
  ("png" .
   [1 0 0])
  ("jpeg" .
   [1 0 0 0])
  ("cd" .
   [6 0])
  ("git" .
   [11 0 0])
  ("princ" .
   [1 0 0 0 0])
  ("prin1" .
   [2 0 0 0 0])
  ("progn" .
   [1 0 0 0 0])
  ("dest" .
   [1 1 2 0])
  ("addr" .
   [1 0 0 1])
  ("mask" .
   [5 0 1 2])
  ("if" .
   [14 0])
  ("nexthop" .
   [2 0 1 0 0 0 2])
  ("16" .
   [2 0])
  ("define" .
   [1 0 0 0 0 0])
  ("25" .
   [1 0])
  ("RIPV2_NUM" .
   [0 0 0 0 1 0 0 0 0])
  ("metric" .
   [2 0 5 8 0 3])
  ("MAX_DISTANCE" .
   [1 0 5 3 0 0 0 0 0 0 0 0])
  ("else" .
   [4 0 0 0])
  ("if_no" .
   [1 0 1 1 1])
  ("Next" .
   [0 0 2 3])
  ("break" .
   [3 0 0 0 0])
  ("next" .
   [2 1 0 2])
  ("NULL" .
   [8 0 0 0])
  ("i" .
   [1])
  ("15" .
   [6 0])
  ("stud_rip_route_node" .
   [0 0 1 1 1 0 0 0 0 0 0 0 0 0 0 0 0 0 0])
  ("g_rip_route_table" .
   [1 0 1 0 4 1 0 0 0 0 0 0 0 0 0 0 0])
  ("void" .
   [5 0 0 0])
  ("sendPacket" .
   [0 0 1 1 1 0 0 0 0 0])
  ("sendPacket_horizontal_devide" .
   [0 0 0 0 0 0 0 0 0 0 0 2 0 0 0 0 0 0 0 0 0 0 0 0 0 0 0 1])
  ("char" .
   [2 0 0 0])
  ("UINT8" .
   [0 0 1 1 0])
  ("UINT32" .
   [0 0 0 0 0 1])
  ("while" .
   [11 0 0 0 0])
  ("num" .
   [3 0 0])
  ("RipPacket" .
   [0 0 0 0 0 1 0 0 0])
  ("packet" .
   [1 0 1 1 3 1])
  ("rip_cmd" .
   [0 0 0 0 0 1 0])
  ("rip_vers" .
   [0 0 0 0 0 1 0 0])
  ("rip_mbz" .
   [0 0 0 0 0 0 1])
  ("packet_response" .
   [0 0 0 0 0 0 0 0 0 6 0 0 0 0 0])
  ("rip_rts" .
   [0 0 0 0 0 1 1])
  ("rank" .
   [9 0 3 3])
  ("rr_family" .
   [0 0 0 0 1 0 0 0 0])
  ("htons" .
   [0 0 0 0 1])
  ("rr_addr" .
   [0 0 0 0 0 0 1])
  ("u_l" .
   [2 0 1])
  ("htonl" .
   [4 0 0 0 1])
  ("rr_rttag" .
   [0 0 0 0 0 0 1 0])
  ("rr_mask" .
   [0 0 0 0 0 0 1])
  ("rr_nexthop" .
   [0 0 0 0 0 0 1 0 0 0])
  ("rip" .
   [0 0 1])
  ("rr_metric" .
   [0 0 0 0 0 1 0 0 0])
  ("rip_sendIpPkt" .
   [0 0 0 0 0 0 1 0 0 0 0 0 0])
  ("unsigned" .
   [0 0 0 0 1 0 0 0])
  ("20" .
   [1 0])
  ("520" .
   [2 0 0])
  ("msgType" .
   [0 0 1 1 0 0 0])
  ("RIP_MSG_SEND_ROUTE" .
   [0 0 0 0 1 0 0 0 0 0 0 0 0 0 0 0 0 0])
  ("RIP_MSG_DELE_ROUTE" .
   [0 0 0 0 0 0 0 0 0 0 0 0 0 0 0 0 0 1])
  ("destAdd" .
   [0 0 0 0 0 0 1])
  ("lanbosudo" .
   [2 0 0 0 0 0 0 0 1])
  ("passphase" .
   [1 0 0 0 0 0 0 0 0])
  ("退后N帧协议测试函数" .
   [1 0 0 0 0 0 0 0 0 0])
  (".." .
   [9 0])
  ("subplot" .
   [0 0 0 0 1 0 1])
  ("INTERVAL" .
   [0 0 1 1 0 0 0 0])
  ("abs" .
   [2 0 0])
  ("fft" .
   [2 0 0])
  ("f" .
   [1])
  ("plot" .
   [2 0 0 0])
  ("DFT_x" .
   [0 0 0 0 1])
  ("DFT_y" .
   [0 0 0 0 1])
  ("axis" .
   [1 0 0 0])
  ("TIME" .
   [0 0 1 0])
  ("100" .
   [1 0 0])
  ("30" .
   [1 0])
  ("python" .
   [6 0 0 0 0 0])
  ("cat" .
   [4 0 0])
  ("visitRepeatLoop" .
   [0 0 0 0 0 0 0 0 0 0 0 1 0 0 0])
  ("Tree" .
   [1 0 0 0])
  ("RepeatLoop" .
   [0 0 0 0 0 0 0 1 0 1])
  ("repeatLoop" .
   [1 0 0 0 0 0 0 1 1 1])
  ("Label" .
   [3 0 0 0 1])
  ("loop" .
   [3 0 0 1])
  ("createLabel" .
   [0 0 0 0 0 0 0 0 0 0 2])
  ("tr" .
   [4 0])
  ("genMark" .
   [0 0 0 0 0 1 1])
  ("loops" .
   [0 0 0 0 1])
  ("exit" .
   [5 0 0 0])
  ("loopExits" .
   [0 0 0 0 0 0 0 2 0])
  ("push" .
   [6 0 0 0])
  ("loopBody" .
   [0 0 0 0 0 2 0 0])
  ("null" .
   [1 0 0 0])
  ("accept" .
   [0 0 0 0 0 2])
  ("this" .
   [2 0 0 0])
  ("REPEAT" .
   [1 0 0 0 0 0])
  ("condition" .
   [0 0 0 0 0 0 0 0 2])
  ("genBnez" .
   [0 0 0 2 0 1 0])
  ("val" .
   [1 0 0])
  ("genBranch" .
   [0 0 0 0 0 0 1 0 0])
  ("pop" .
   [1 0 0])
  ("hspace" .
   [1 0 1 0 0 0])
  ("dvipdfmx" .
   [2 0 0 0 0 0 0 0])
  ("1-" .
   [1 0])
  ("random" .
   [1 0 0 0 0 0])
  ("1.0" .
   [1 0 0])
  ("jka-compr-inhibit" .
   [0 0 1 0 0 0 0 0 0 0 0 0 0 0 0 0 0])
  ("sort" .
   [1 0 0 1])
  ("for" .
   [2 0 0])
  ("sortedRankPair" .
   [0 0 0 0 0 0 0 0 0 0 0 0 0 3])
  ("nodeList" .
   [0 0 0 0 0 0 0 1])
  ("newRank" .
   [0 0 0 1 0 0 1])
  ("wk" .
   [1 0])
  ("setq-default" .
   [0 0 0 0 0 0 1 0 0 0 0 0])
  ("latex-indent" .
   [0 0 0 0 0 1 0 0 0 0 0 0])
  ("D_A" .
   [2 0 0])
  ("E_A" .
   [1 0 0])
  ("E_B" .
   [1 0 0])
  ("E_C" .
   [1 0 0])
  ("D_B" .
   [1 0 0])
  ("D_C" .
   [1 0 0])
  ("COV_BC" .
   [1 0 0 0 0 0])
  ("COV_AC" .
   [1 0 0 0 0 0])
  ("g++" .
   [2 0 0])
  ("10" .
   [5 0])
  ("11" .
   [1 0])
  ("lg4" .
   [1 0 0])
  ("*dvi" .
   [3 0 0 0])
  ("data" .
   [1 0 0 0])
  ("data_height" .
   [0 0 0 0 2 1 0 0 0 0 0])
  ("data_weight" .
   [0 0 0 0 0 0 0 0 3 0 0])
  ("height_M" .
   [0 0 0 0 1 0 0 2])
  ("pttest2" .
   [1 0 0 0 0 0 1])
  ("end" .
   [7 0 0])
  ("age_column" .
   [0 0 0 1 0 0 0 0 0 0])
  ("sig" .
   [3 0 0])
  ("sigma_M" .
   [0 0 0 0 0 0 2])
  ("5000" .
   [1 0 0 0])
  ("*toc" .
   [1 0 0 0])
  ("&&" .
   [1 0])
  ("-1cm" .
   [1 0 0 0])
  ("-l" .
   [1 0])
  ("touch" .
   [1 0 0 0 0])
  ("ode45" .
   [0 0 0 1 0])
  ("dy" .
   [2 0])
  ("exp" .
   [1 0 0])
  ("17" .
   [2 0])
  ("19" .
   [2 0])
  ("128" .
   [1 0 0])
  ("includegraphics" .
   [0 0 0 0 1 0 0 0 0 0 0 0 0 0 0])
  ("figure/" .
   [0 0 0 0 0 0 1])
  ("217" .
   [1 0 0])
  ("237" .
   [2 0 0])
  ("173" .
   [1 0 0])
  ("257" .
   [1 0 0])
  ("79" .
   [1 0])
  ("688" .
   [1 0 0])
  ("27948" .
   [1 0 0 0 0])
  ("pdf" .
   [1 0 0])
  ("vspace" .
   [0 0 0 0 1 0])
  ("cmd" .
   [2 0 0])
  ("bgp_report.pdf" .
   [2 0 0 0 0 0 0 0 0 0 0 0 0 0])
  ("expr4_bgp>exit" .
   [2 0 0 0 0 0 0 0 0 0 0 0 0 0])
  ("//c" .
   [1 0 0])
  ("d" .
   [1])
  ("initial" .
   [1 0 0 0 0 0 0])
  ("set" .
   [24 0 0])
  ("mylist" .
   [1 0 0 0 2 1])
  ("let" .
   [15 0 0])
  ("stop" .
   [2 0 0 0])
  ("count1" .
   [25 0 0 0 0 1])
  ("interact_list" .
   [0 0 0 0 0 1 1 0 0 0 0 0 0])
  ("i_list" .
   [0 0 2 0 2 0])
  ("lput" .
   [4 0 0 0])
  ("show" .
   [4 0 0 0])
  ("count2" .
   [18 0 0 0 0 0])
  ("newPlanIndctr2" .
   [3 0 0 0 0 0 0 0 0 0 0 0 0 2])
  ("newContrbt" .
   [0 0 0 1 0 0 0 0 0 0])
  ("False" .
   [2 0 0 0 0])
  ("Math" .
   [4 0 0 0])
  ("pow" .
   [2 0 0])
  ("javac" .
   [3 0 0 0 0])
  ("OpenInnovationFlexible" .
   [0 0 0 0 0 0 0 0 0 0 0 0 0 0 0 0 0 0 0 1 0 0])
  ("to" .
   [3 0])
  ("move" .
   [1 0 0 0])
  ("Global" .
   [5 0 0 0 0 0])
  ("e" .
   [2])
  ("n" .
   [1])
  ("contributionLst_out" .
   [0 0 0 0 0 0 0 0 0 0 0 0 1 0 0 0 0 0 0])
  ("atlas4-c01.nus.edu.sg" .
   [0 0 0 1 0 0 0 0 0 0 0 0 0 0 0 0 0 0 0 0 0])
  ("ping" .
   [1 0 0 0])
  ("final" .
   [1 0 0 0 0])
  ("project" .
   [1 0 0 0 0 0 0])
  ("marking" .
   [2 0 0 0 0 0 0])
  ("quiz" .
   [1 0 0 0])))
